4 79 13 80 56
71 84 48 85 38
41 65 39 82 36
36 42 79 21 58
17 40 23 67 81
43 69 20 26 11
34 47 40 11 31
4 17 15 43 39
52 22 41 66 49
49 35 37 34 68
18 27 28 77 24
73 1 57 19 23
35 45 10 66 67
82 79 9 53 28
14 25 51 29 30
44 69 73 75 71
72 11 79 17 74
52 21 75 79 7
68 46 52 77 4
3 6 57 13 1
78 6 19 10 62
45 20 85 18 36
45 40 18 74 79
9 33 42 1 14
12 63 65 14 19
63 31 59 18 58
7 76 64 51 41
8 11 64 18 53
48 52 63 69 66
85 90 67 89 54
8 41 58 86 80
48 83 67 15 26
36 8 71 67 43
21 85 61 22 37
42 78 90 65 67
47 67 8 9 14
29 4 58 60 89
7 88 44 77 20
40 39 81 25 16
35 65 60 69 14
39 63 54 85 69
5 78 76 6 17
46 11 52 89 37
46 51 81 6 76
54 3 50 26 76
39 61 11 12 20
61 7 43 20 50
19 81 56 69 75
89 83 20 5 57
15 58 31 57 23
77 86 9 53 67
77 34 7 78 14
37 5 29 72 15
64 42 90 76 5
31 61 62 60 23
65 83 31 18 54
71 24 60 31 38
71 4 22 38 13
84 74 18 33 8
62 49 30 6 52
42 18 81 56 76
22 20 61 63 5
8 17 52 2 78
23 21 39 19 72
39 33 27 56 37
5 73 79 66 8
66 63 44 78 74
33 1 79 73 53
28 75 16 7 52
59 17 20 42 16
59 40 57 79 14
18 84 34 29 36
24 80 89 55 59
24 8 26 4 63
68 81 40 34 85
74 18 51 88 45
48 15 14 8 41
67 20 1 37 34
83 7 20 58 55
5 88 2 77 52
1 22 19 44 69
10 67 60 36 68
81 12 47 77 46
43 83 14 40 51
89 17 45 37 40
77 36 23 12 31
23 67 8 28 29
28 47 81 68 86
89 54 51 70 65
75 2 45 60 28
79 25 48 11 38
62 34 82 41 86
61 26 72 15 16
47 17 69 49 57
73 38 68 20 83
62 61 64 80 24
65 84 12 4 66
23 39 45 53 8
80 13 45 49 17
75 23 25 32 69
29 87 84 26 33
14 36 77 32 1
67 8 43 68 7
32 6 53 58 46
1 46 34 26 85
89 30 18 36 32
84 38 14 51 13
32 65 20 88 85
8 22 89 69 72
42 69 19 52 33
18 2 89 28 16
65 72 39 14 8
67 18 52 81 10
7 55 84 33 8
16 45 30 42 43
77 23 87 78 71
10 27 57 64 22
79 28 31 12 21
57 23 29 25 64
35 66 31 61 49
45 23 49 65 31
15 56 26 82 76
45 48 36 27 39
9 36 34 29 82
88 19 62 54 55
47 20 2 34 59
80 8 70 83 64
58 56 37 39 4
21 28 23 17 4
12 89 20 81 50
2 8 15 11 19
59 21 73 43 58
13 72 60 19 35
70 3 38 68 16
31 6 63 68 73
77 59 47 76 64
54 34 18 74 55
81 36 75 18 69
36 65 71 3 8
54 58 64 2 23
27 70 39 43 60
35 87 32 71 10
77 16 65 84 55
68 25 66 77 22
41 21 39 80 12
7 79 46 49 74
14 1 46 32 66
22 13 87 65 75
2 81 89 83 15
8 25 53 80 1
56 86 37 18 5
7 69 40 12 86
25 40 81 12 60
3 70 54 74 16
88 13 30 10 86
34 85 81 46 40
41 23 54 52 78
84 46 42 74 71
13 39 35 9 65
13 57 38 5 76
66 48 85 12 28
3 13 49 31 54
78 35 75 51 33
78 30 61 52 34
86 80 74 90 77
57 40 76 82 49
77 89 88 73 51
41 53 1 14 90
8 15 72 9 62
27 80 89 88 36
57 34 74 5 23
37 60 57 41 15
87 50 21 36 73
85 87 60 20 61
50 40 67 41 24
44 58 33 90 12
15 60 55 50 32
46 76 6 78 88
63 73 29 57 83
65 5 44 73 74
34 83 25 13 18
71 53 36 64 84
55 38 84 90 40
81 16 52 14 74
83 51 81 70 42
15 2 50 71 32
47 55 73 42 52
43 33 88 45 31
78 66 47 25 37
5 73 63 3 62
69 14 89 71 90
14 71 64 27 59
28 55 44 32 9
52 42 21 88 14
15 84 73 6 43
8 19 37 6 79
53 75 57 30 32
23 63 34 71 87
76 32 17 53 90
3 20 49 72 11
29 25 23 89 7
5 66 4 30 85
25 79 58 5 30
63 47 60 88 73
22 11 5 65 40
8 13 52 12 46
31 46 80 45 7
82 19 16 33 41
8 42 60 38 6
18 84 69 67 45
90 86 78 48 72
38 71 51 87 22
16 74 79 12 30
13 7 55 8 11
25 55 1 56 47
85 56 77 72 14
50 16 81 46 48
66 29 47 28 75
16 84 50 51 34
10 66 41 29 63
26 5 30 4 61
41 17 65 38 45
72 13 83 58 5
40 16 75 1 55
54 31 37 41 28
85 17 81 67 44
36 89 85 42 62
41 86 79 2 12
32 45 65 87 66
16 21 5 84 85
80 72 4 18 61
16 1 86 35 28
71 53 67 90 50
6 47 68 2 30
10 82 36 27 90
39 42 86 54 84
68 26 15 3 82
55 3 25 23 83
59 72 31 63 27
81 89 12 86 27
2 42 84 61 20
67 39 26 75 33
39 47 73 55 32
8 89 10 48 58
68 15 66 56 22
71 70 25 49 3
81 86 2 19 50
61 8 79 27 25
39 1 34 46 40
29 54 85 76 77
39 84 71 65 51
64 15 54 55 80
2 47 62 75 21
46 89 45 3 20
28 8 77 74 75
13 40 6 60 90
35 47 61 22 81
69 84 71 12 68
56 61 8 39 75
66 2 39 72 82
72 57 16 55 27
41 30 54 75 22
3 22 33 88 15
32 81 16 40 58
54 39 62 33 69
5 77 35 38 50
12 22 89 69 85
87 90 33 66 60
12 34 27 10 21
44 24 64 14 22
63 26 61 75 44
10 33 11 69 20
89 31 59 90 34
55 23 41 88 85
67 5 54 2 28
60 16 7 13 29
60 18 7 64 17
18 72 34 71 85
30 6 10 40 2
64 82 37 77 45
6 60 8 52 77
53 51 10 46 44
82 70 40 52 29
83 80 6 72 50
46 54 90 48 76
32 57 2 29 89
15 37 90 50 7
79 56 6 61 5
13 1 36 42 77
28 27 59 89 20
47 88 22 32 69
11 58 40 77 35
32 84 30 54 74
42 12 48 52 11
1 46 79 82 83
57 34 49 68 21
88 3 63 73 7
5 13 75 32 35
35 90 61 20 65
76 73 19 88 78
